# This file may be used to create an environment using:
# $ conda create --name <env> --file <this file>
# platform: win-64
ca-certificates=2021.10.8=h5b45459_0
freeglut=3.2.1=h0e60522_2
freetype=2.10.4=h546665d_1
geos=3.10.1=h39d44d4_1
icu=68.2=h0e60522_0
intel-openmp=2021.4.0=h57928b3_3556
jasper=2.0.33=h77af90b_0
jbig=2.1=h8d14728_2003
jpeg=9d=h8ffe710_0
lerc=3.0=h0e60522_0
libblas=3.9.0=12_win64_mkl
libcblas=3.9.0=12_win64_mkl
libclang=11.1.0=default_h5c34c98_1
libdeflate=1.8=h8ffe710_0
liblapack=3.9.0=12_win64_mkl
liblapacke=3.9.0=12_win64_mkl
libopencv=4.5.3=py39h4b6fd43_5
libpng=1.6.37=h1d00b33_2
libprotobuf=3.18.1=h7755175_0
libtiff=4.3.0=hd413186_2
libwebp-base=1.2.1=h8ffe710_0
libzlib=1.2.11=h8ffe710_1013
lz4-c=1.9.3=h8ffe710_1
mkl=2021.4.0=h0e2418a_729
numpy=1.21.4=py39h6635163_0
opencv=4.5.3=py39hcbf5309_5
openssl=1.1.1l=h8ffe710_0
pip=21.3.1=pyhd8ed1ab_0
py-opencv=4.5.3=py39h832f523_5
python=3.9.7=h7840368_3_cpython
python_abi=3.9=2_cp39
qt=5.12.9=h5909a2a_4
setuptools=58.5.3=py39hcbf5309_0
shapely=1.8.0=pypi_0
sqlite=3.36.0=h8ffe710_2
tbb=2021.4.0=h2d74725_1
tzdata=2021e=he74cb21_0
ucrt=10.0.20348.0=h57928b3_0
vc=14.2=hb210afc_5
vs2015_runtime=14.29.30037=h902a5da_5
wheel=0.37.0=pyhd8ed1ab_1
xz=5.2.5=h62dcd97_1
zlib=1.2.11=h8ffe710_1013
zstd=1.5.0=h6255e5f_0
